50
0.4734 4.6392
0.7909 2.4387
1.0684 1.5585
1.3359 1.1663
1.4962 -4.4002
2.2465 0.8937
2.8069 3.3106
3.2084 11.7023
3.5879 8.8938
3.5884 -1.6383
3.9221 9.4645
4.1820 6.4385
4.2183 5.0520
4.2517 11.5617
4.5925 14.3400
4.8838 14.4240
5.9519 7.7078
6.6983 11.8505
6.7193 15.0950
6.9976 18.8729
7.0061 11.6164
7.1694 13.4104
8.4263 11.3210
8.6144 11.2478
9.9347 23.9321
10.1235 27.0282
10.4896 20.6192
11.3891 27.7958
11.8274 25.4630
11.9616 20.6975
12.0694 25.9458
12.5743 32.8389
13.6255 27.0719
13.7691 35.3615
13.8256 14.5526
13.9735 32.0566
14.0726 28.5805
15.2380 28.9810
15.7374 31.9335
16.2857 22.6335
16.8359 32.5734
18.0590 37.9037
18.5931 44.5757
19.1462 35.7010
19.9221 35.8016
20.9144 39.3200
21.8244 48.2257
21.8664 45.3766
22.2095 41.7703
22.3079 47.1822
